1
11
12
18
20
22
23
38
40
42
43
48
57
58
60
62
67
72
78
81
83
86
92
93
100
108
109
110
126
134
136
137
144
145
146
149
159
160
165
170
172
175
176
182
183
189
204
209
215
216
218
225
228
230
232
237
243
247
250
254
264
266
269
272
274
285
288
296
297
298
302
309
311
313
323
328
329
331
333
336
340
346
347
352
355
356
357
358
359
364
366
371
377
380
382
384
390
398
422
423
426
427
442
443
450
452
460
463
472
473
481
483
487
488
493
495
497
499
503
514
516
518
521
525
530
531
532
534
537
543
545
553
557
559
562
573
577
579
580
589
590
609
614
628
642
645
650
652
658
659
660
665
666
671
675
680
682
685
688
694
716
721
725
734
736
738
739
743
747
748
763
764
766
782
783
784
785
786
796
798
801
802
803
806
807
809
812
813
814
816
820
822
824
837
839
846
847
848
850
854
855
860
862
864
873
883
889
890
893
899
900
902
909
911
919
921
927
929
930
933
939
941
944
947
952
965
966
969
972
973
983
984
987
997
1003
1005
1009
1017
1022
1023
1024
1027
1030
1035
1041
1043
1045
1047
1065
1067
1071
1075
1076
1077
1084
1088
1092
1098
1102
1108
1111
1113
1115
1116
1121
1137
1139
1148
1151
1153
1154
1159
1162
1164
1167
1180
1181
1191
1201
1206
1208
1210
1212
1213
1217
1218
1220
1234
1237
1240
1245
1249
1256
1257
1260
1264
1273
1275
1277
1278
1280
1283
1284
1285
1287
1288
1293
1296
1300
1302
1303
1305
1307
1323
1325
1327
1332
1336
1338
1344
1345
1348
1350
1357
1364
1365
1368
1377
1385
1390
1392
1394
1406
1408
1412
1416
1418
1428
1431
1438
1446
1449
1450
1452
1453
1454
1464
1474
1476
1477
1481
1484
1487
1488
1491
1506
1514
1523
1524
1533
1539
1546
1549
1551
1554
1556
1557
1562
1563
1566
1567
1574
1575
1581
1582
1586
1588
1589
1590
1592
1593
1607
1610
1611
1618
1630
1634
1639
1641
1644
1645
1648
1659
1678
1681
1688
1689
1692
1697
1706
1707
1713
1717
1719
1724
1725
1727
1733
1736
1741
1744
1745
1762
1767
1773
1775
1791
1805
1808
1809
1815
1816
1821
1826
1828
1830
1833
1836
1840
1844
1846
1847
1848
1854
1855
1863
1866
1868
1876
1879
1882
1884
1886
1888
1890
1897
1900
1903
1912
1913
1916
1921
1924
1925
1931
1934
1943
1950
1952
1959
1961
1964
1973
1974
1975
1977
1980
1990
1998
2001
2009
2014
2015
2018
2020
2027
2032
2036
2039
2046
2049
2050
2051
2058
2063
2069
2074
2077
2078
2082
2084
2093
2095
2096
2098
2103
2104
2105
2108
2110
2111
2112
2113
2115
2117
2118
2125
2131
2132
2133
2134
2135
2139
2140
2146
2147
2152
2156
2158
2160
2162
2170
2173
2176
2183
2184
2188
2189
2200
2203
2204
2206
2209
2213
2215
2216
2218
2220
2221
2222
2223
2224
2230
2231
2232
2233
2234
2235
2236
2240
2241
2243
2244
2246
2247
2250
2252
2254
2256
2264
2265
2267
2271
2272
2274
2275
2276
2281
2283
2286
2287
2288
2289
2290
2291
2292
2293
2295
2296
2301
2304
2306
2315
2316
2319
2320
2322
2323
2325
2326
2327
2330
2331
2335
2336
2340
2344
2345
2346
2347
2348
2350
2352
2353
2354
2355
2356
2358
2363
2364
2365
2366
2368
2369
2371
2373
2378
2381
2382
2388
2392
2398
2403
2405
2406
2409
2410
2411
2412
2414
2415
2419
2421
2423
2424
2425
2426
2429
2431
2438
2439
2440
2443
2445
2446
2449
2452
2453
2454
2456
2457
2458
2460
2461
2463
2467
2469
2470
2471
2475
2480
2481
2482
2484
2486
2487
2489
2490
2491
2492
2499
2500
2501
2502
2508
2509
2511
2512
2514
2520
2523
2526
2527
2529
2530
2533
2535
2536
2537
2546
2548
2550
2553
2555
2558
2559
2566
2569
2572
2573
2574
2576
2579
2580
2581
2582
2583
2585
2588
2589
2590
2592
2594
2596
2598
2600
2602
2603
2606
2607
2609
2610
2611
2612
2613
2614
2615
2617
2622
2623
2627
2630
2631
2633
2635
2636
2639
2640
2642
2643
2646
2648
2650
2651
2653
2655
2657
2658
2661
2663
2664
2665
2671
2672
2673
2676
2678
2681
2682
2684
2686
2690
2692
2694
2697
2699
2700
2701
2702
2704
2705
2706
2708
2710
2712
2713
2715
2717
2722
2724
2726
2727
2728
2729
2732
2733
2734
2735
2736
2737
2738
2741
2742
2743
2745
2755
2757
2758
2759
2762
2764
2767
2770
2771
2777
2782
2785
2789
2792
2793
2795
2797
2799
2801
2806
2807
2808
2812
2813
2814
2815
2816
2818
2821
2825
2829
2831
2834
2839
2841
2842
2843
2844
2845
2846
2847
2848
2850
2851
2852
2855
2856
2859
2861
2862
2863
2865
2867
2869
2870
2872
2874
2875
2878
2880
2883
2886
2887
2889
2891
2892
2894
2895
2896
2899
2900
2901
2903
2904
2908
2911
2912
2913
2914
2916
2917
2918
2920
2922
2923
2924
2925
2926
2928
2931
2932
2935
2937
2943
2944
2946
2948
2949
2951
2952
2953
2956
2961
2962
2964
2965
2966
2967
2968
2971
2972
2973
2977
2979
2985
