2
3
4
5
7
8
9
10
13
14
15
16
17
19
21
22
24
26
28
31
32
33
36
37
41
44
45
46
47
50
51
52
53
54
63
64
65
66
68
69
71
73
75
77
79
82
84
87
88
91
94
95
96
97
98
99
100
101
102
103
105
106
107
109
111
112
113
115
116
117
118
119
120
122
123
124
125
127
128
129
130
131
132
133
134
135
138
139
140
141
142
143
147
149
150
151
152
153
154
156
157
161
162
163
164
165
167
168
169
171
174
177
178
181
184
185
186
187
188
190
191
192
193
195
196
198
199
200
201
202
203
206
208
211
213
214
219
222
223
224
226
227
230
231
234
236
238
239
241
244
245
246
247
248
251
253
256
257
258
259
260
261
263
267
268
270
271
273
277
279
281
282
283
284
286
287
289
290
292
293
295
296
297
298
299
303
305
306
307
308
310
315
316
317
318
322
324
325
327
332
335
336
337
339
341
342
343
344
345
349
350
351
353
354
357
362
364
368
369
370
374
376
378
379
381
383
385
388
389
391
392
394
395
397
399
400
401
402
403
404
405
407
408
409
410
413
414
415
416
417
418
419
420
421
423
425
430
432
433
434
436
437
438
439
441
442
444
445
446
448
449
452
453
454
455
457
458
459
461
462
464
466
468
469
471
474
475
476
477
478
479
480
485
489
490
491
493
494
500
501
502
505
506
507
508
509
510
511
513
515
517
519
520
522
523
524
526
529
531
533
535
536
539
540
541
544
546
547
549
550
554
555
556
558
559
560
565
568
569
572
574
575
576
578
581
583
584
585
586
588
591
593
595
596
597
599
600
601
602
604
605
606
607
610
612
613
615
618
619
620
621
622
624
625
626
627
629
632
634
636
637
638
640
641
642
643
646
647
648
649
650
651
653
654
655
656
658
661
662
663
664
668
669
670
672
673
674
676
677
679
681
682
683
684
686
687
688
689
691
692
693
695
696
697
698
699
701
703
707
708
709
710
711
712
713
715
718
719
720
724
726
727
728
729
730
731
732
737
740
741
743
745
748
750
751
752
754
755
756
758
759
760
761
762
765
767
768
769
770
771
772
774
775
776
777
778
779
781
785
787
788
789
790
792
794
795
797
798
799
800
803
804
805
808
811
813
817
818
820
821
823
825
826
827
829
831
832
833
834
835
836
838
841
842
843
844
845
849
851
852
853
857
858
859
861
865
866
868
869
870
873
874
875
876
877
879
880
881
882
884
886
891
892
893
896
897
898
902
904
905
906
907
908
910
912
914
915
916
917
918
920
922
923
925
926
931
932
935
941
943
945
946
949
951
953
954
958
959
960
961
962
963
964
965
967
968
971
974
976
977
978
979
980
981
982
984
986
987
988
989
991
993
994
995
996
997
998
999
1000
1001
1002
1003
1006
1007
1008
1011
1012
1013
1015
1018
1019
1020
1021
1023
1024
1025
1026
1028
1031
1034
1036
1037
1042
1044
1045
1050
1052
1053
1054
1055
1057
1058
1060
1061
1063
1064
1066
1067
1069
1073
1074
1076
1078
1079
1080
1081
1082
1083
1085
1086
1090
1091
1092
1093
1096
1100
1101
1103
1106
1107
1110
1111
1112
1114
1117
1118
1119
1120
1122
1123
1124
1127
1128
1130
1131
1132
1136
1138
1140
1141
1142
1143
1145
1146
1147
1149
1150
1152
1154
1155
1156
1158
1159
1163
1166
1167
1168
1170
1171
1179
1182
1183
1184
1187
1189
1190
1191
1193
1195
1197
1200
1202
1203
1204
1205
1206
1207
1211
1212
1213
1214
1215
1218
1220
1222
1224
1225
1226
1227
1228
1230
1231
1233
1235
1236
1237
1239
1241
1242
1244
1246
1247
1248
1249
1250
1251
1252
1254
1255
1257
1258
1259
1266
1267
1268
1269
1270
1272
1274
1276
1277
1279
1282
1289
1291
1292
1294
1295
1296
1297
1298
1306
1308
1309
1310
1311
1312
1313
1314
1315
1316
1317
1318
1319
1320
1322
1324
1328
1329
1330
1331
1333
1334
1336
1337
1338
1339
1340
1341
1342
1343
1347
1349
1351
1352
1353
1354
1356
1357
1359
1361
1362
1363
1366
1367
1369
1372
1373
1374
1375
1377
1378
1379
1380
1381
1382
1383
1384
1387
1388
1389
1391
1393
1394
1397
1398
1400
1401
1403
1404
1405
1410
1411
1414
1417
1418
1419
1420
1421
1422
1424
1425
1426
1429
1432
1433
1434
1435
1436
1437
1438
1439
1441
1443
1445
1447
1448
1450
1451
1452
1455
1456
1457
1458
1459
1460
1461
1462
1463
1464
1465
1466
1467
1468
1469
1470
1471
1472
1473
1475
1476
1478
1479
1480
1482
1483
1485
1486
1489
1495
1496
1497
1498
1500
1501
1502
1503
1504
1505
1506
1507
1508
1509
1512
1513
1515
1516
1517
1518
1520
1521
1522
1524
1525
1527
1528
1529
1530
1531
1532
1534
1539
1540
1541
1542
1543
1544
1545
1547
1548
1550
1551
1556
1557
1558
1559
1560
1561
1564
1565
1567
1568
1569
1570
1571
1572
1573
1576
1577
1580
1581
1583
1584
1585
1586
1591
1595
1596
1597
1599
1600
1601
1603
1604
1606
1608
1609
1614
1615
1616
1617
1619
1620
1621
1622
1623
1624
1626
1627
1628
1629
1631
1632
1633
1635
1636
1638
1640
1642
1643
1646
1647
1648
1649
1650
1652
1653
1654
1655
1656
1658
1660
1662
1667
1668
1670
1671
1673
1674
1675
1676
1677
1678
1682
1683
1685
1686
1687
1690
1691
1693
1695
1696
1698
1700
1703
1705
1708
1709
1710
1711
1713
1715
1716
1717
1718
1720
1723
1724
1726
1728
1729
1730
1732
1735
1736
1738
1739
1740
1741
1742
1743
1745
1749
1750
1752
1753
1754
1755
1756
1757
1758
1759
1760
1761
1763
1764
1765
1767
1768
1769
1770
1772
1774
1775
1776
1777
1778
1780
1781
1782
1783
1784
1785
1786
1787
1788
1789
1792
1793
1795
1796
1797
1798
1799
1800
1801
1802
1803
1804
1806
1807
1810
1811
1812
1814
1815
1817
1818
1819
1820
1821
1822
1824
1825
1828
1830
1831
1832
1834
1835
1836
1837
1838
1839
1841
1843
1844
1845
1850
1851
1853
1856
1859
1860
1861
1862
1863
1864
1865
1866
1867
1868
1870
1872
1873
1874
1875
1876
1877
1878
1880
1883
1887
1889
1891
1894
1898
1899
1901
1902
1903
1904
1905
1906
1907
1908
1910
1911
1914
1915
1916
1919
1920
1922
1923
1925
1926
1927
1928
1929
1930
1931
1932
1933
1935
1936
1937
1938
1939
1940
1941
1942
1945
1947
1949
1951
1953
1954
1955
1956
1958
1963
1965
1968
1970
1971
1972
1978
1979
1981
1983
1985
1986
1987
1989
1992
1993
1994
1995
1996
1999
2000
2001
2003
2004
2006
2007
2008
2009
2010
2011
2012
2013
2016
2017
2018
2019
2021
2022
2023
2024
2025
2026
2027
2029
2031
2032
2033
2034
2035
2037
2038
2041
2042
2043
2045
2049
2052
2054
2056
2057
2060
2061
2062
2064
2065
2066
2067
2068
2070
2071
2075
2080
2081
2082
2083
2085
2086
2087
2088
2092
2094
2097
2098
2099
2101
2103
2105
2107
2109
2112
2114
2116
2119
2120
2121
2122
2123
2124
2126
2127
2129
2130
2133
2134
2136
2138
2139
2141
2142
2143
2144
2145
2146
2148
2149
2151
2152
2154
2155
2157
2159
2160
2161
2164
2165
2166
2167
2168
2169
2175
2178
2180
2181
2185
2186
2187
2188
2190
2192
2193
2194
2195
2196
2198
2199
2201
2204
2205
2209
2210
2211
2212
2216
2217
2219
2223
2225
2226
2227
2228
2229
2231
2233
2236
2237
2238
2239
2241
2242
2243
2244
2245
2246
2247
2248
2250
2251
2252
2253
2256
2257
2258
2260
2261
2262
2264
2266
2268
2269
2271
2274
2276
2277
2279
2282
2284
2286
2291
2292
2294
2297
2298
2299
2300
2301
2302
2303
2305
2307
2309
2310
2311
2312
2314
2317
2318
2319
2320
2322
2324
2327
2328
2330
2331
2332
2333
2337
2340
2341
2342
2344
2349
2352
2361
2363
2364
2366
2367
2370
2374
2375
2376
2377
2378
2380
2382
2384
2385
2386
2387
2389
2390
2395
2396
2397
2398
2399
2400
2402
2403
2410
2413
2414
2415
2416
2417
2418
2419
2420
2421
2422
2427
2428
2430
2431
2438
2439
2440
2441
2442
2444
2447
2448
2450
2451
2453
2455
2457
2459
2460
2462
2463
2465
2469
2471
2472
2473
2474
2476
2477
2479
2480
2485
2487
2488
2492
2493
2495
2498
2501
2502
2503
2506
2512
2519
2520
2521
2522
2524
2531
2532
2534
2535
2537
2538
2539
2540
2541
2542
2545
2548
2549
2550
2551
2552
2554
2561
2562
2564
2567
2569
2570
2574
2577
2578
2582
2584
2585
2587
2590
2591
2593
2594
2597
2598
2600
2601
2602
2604
2605
2608
2611
2612
2619
2620
2621
2622
2624
2625
2627
2628
2630
2631
2633
2634
2641
2643
2644
2645
2647
2649
2652
2654
2656
2658
2659
2660
2663
2665
2666
2667
2669
2670
2672
2673
2674
2676
2677
2678
2682
2683
2685
2688
2689
2691
2693
2695
2696
2697
2698
2701
2702
2705
2709
2710
2712
2714
2715
2723
2726
2727
2730
2731
2734
2736
2737
2739
2740
2741
2744
2745
2748
2749
2750
2753
2754
2756
2757
2761
2762
2764
2766
2767
2768
2772
2773
2774
2776
2778
2780
2781
2783
2786
2787
2790
2794
2798
2800
2801
2802
2804
2805
2806
2807
2809
2810
2814
2817
2818
2819
2821
2823
2824
2826
2827
2830
2833
2834
2835
2836
2837
2839
2840
2841
2843
2848
2849
2850
2853
2854
2857
2858
2860
2863
2865
2866
2869
2871
2872
2873
2874
2878
2879
2882
2884
2885
2886
2887
2888
2893
2894
2895
2897
2898
2899
2900
2902
2903
2905
2908
2910
2911
2915
2916
2919
2921
2927
2929
2930
2933
2934
2937
2938
2939
2940
2941
2942
2945
2946
2948
2949
2950
2951
2955
2959
2960
2963
2966
2969
2971
2973
2974
2975
2978
2980
2981
2982
2983
2984
