2
3
4
5
7
8
9
10
13
14
15
21
22
24
25
26
27
28
31
32
33
34
37
39
41
44
46
52
54
56
58
63
64
65
66
68
70
71
72
74
75
76
79
80
82
88
90
94
96
97
99
100
101
102
107
111
114
115
116
117
118
120
123
129
130
131
133
134
135
138
140
141
142
143
148
149
150
151
152
153
154
161
164
165
166
167
169
171
176
177
180
181
184
185
187
188
190
191
192
193
196
198
199
200
202
203
206
211
212
214
219
220
223
226
229
230
231
233
234
235
236
238
241
242
243
244
245
246
247
249
253
255
257
260
261
262
268
270
273
275
276
277
278
280
281
282
283
284
286
287
291
292
293
294
296
297
298
299
300
303
305
307
308
310
314
315
318
319
320
321
322
324
325
326
327
328
330
332
334
335
336
337
339
341
342
343
345
349
350
351
353
354
357
363
364
365
367
370
372
376
378
381
383
385
386
387
388
389
391
392
394
395
397
399
401
402
403
404
405
407
409
412
413
414
415
416
417
418
419
420
425
430
431
434
435
438
439
440
441
442
444
445
446
447
449
452
454
455
457
458
461
462
465
466
467
470
471
472
474
475
476
477
478
479
480
489
490
491
492
496
500
501
502
504
506
507
508
509
511
512
519
520
522
523
527
528
529
531
535
536
538
539
540
541
542
544
545
546
547
548
550
551
552
554
556
558
559
563
565
566
567
569
572
574
578
581
584
585
586
588
593
594
595
596
597
600
601
602
603
604
605
607
608
610
613
615
616
617
618
619
620
621
622
624
626
627
630
631
632
636
637
638
639
640
641
642
643
644
646
648
649
658
661
668
669
673
676
678
679
681
683
684
685
686
687
688
689
691
692
693
696
697
698
699
701
702
703
704
707
708
709
710
711
712
713
714
715
717
720
723
724
726
727
728
729
731
733
735
741
743
744
748
749
750
753
755
758
759
760
761
767
768
769
770
771
776
778
779
781
785
787
788
789
791
792
794
795
798
799
800
804
805
808
810
811
813
816
817
820
821
823
825
829
830
831
835
840
842
849
851
856
857
858
859
860
861
865
868
869
871
874
875
876
877
879
881
882
887
891
892
893
894
895
897
898
902
903
905
906
908
912
914
916
917
918
920
922
923
925
926
928
931
932
935
937
938
940
941
947
949
951
955
956
959
960
961
962
963
964
965
966
968
972
974
975
976
977
978
979
980
982
984
986
987
988
989
991
992
993
994
995
996
997
1000
1002
1003
1006
1007
1008
1010
1012
1013
1014
1015
1019
1020
1021
1024
1025
1026
1028
1031
1033
1034
1036
1037
1038
1039
1040
1042
1044
1045
1046
1049
1050
1051
1052
1053
1054
1055
1056
1057
1058
1059
1060
1061
1063
1064
1066
1067
1070
1074
1078
1079
1082
1083
1085
1087
1090
1091
1092
1093
1094
1095
1096
1097
1098
1099
1100
1104
1106
1107
1109
1110
1112
1117
1118
1119
1120
1122
1123
1126
1127
1129
1130
1132
1134
1138
1140
1141
1144
1145
1147
1148
1149
1152
1156
1157
1158
1159
1160
1162
1165
1166
1167
1168
1169
1174
1179
1182
1184
1185
1187
1188
1189
1190
1191
1193
1194
1196
1197
1200
1202
1204
1205
1206
1212
1213
1214
1215
1218
1219
1220
1223
1227
1228
1229
1230
1231
1235
1237
1239
1241
1242
1245
1246
1247
1249
1250
1251
1253
1257
1258
1260
1261
1263
1266
1267
1268
1270
1271
1272
1274
1276
1277
1279
1281
1282
1286
1289
1294
1295
1296
1298
1299
1301
1309
1311
1312
1314
1315
1317
1320
1321
1324
1329
1334
1338
1339
1340
1341
1342
1343
1344
1346
1347
1351
1352
1353
1354
1355
1358
1359
1361
1363
1366
1367
1369
1370
1371
1373
1374
1376
1377
1378
1379
1380
1381
1382
1383
1384
1386
1387
1388
1391
1394
1397
1398
1400
1401
1405
1409
1411
1414
1415
1419
1420
1421
1423
1424
1425
1427
1432
1433
1434
1435
1438
1440
1445
1446
1447
1448
1450
1451
1455
1456
1457
1458
1461
1463
1464
1466
1467
1468
1470
1473
1475
1478
1479
1480
1482
1483
1485
1486
1490
1492
1493
1494
1495
1496
1497
1498
1500
1501
1502
1504
1505
1506
1508
1509
1512
1513
1516
1517
1521
1522
1524
1525
1526
1528
1530
1531
1534
1535
1538
1539
1540
1541
1543
1544
1545
1547
1550
1551
1552
1556
1557
1558
1559
1561
1564
1565
1566
1567
1569
1570
1571
1572
1577
1578
1580
1581
1583
1586
1587
1591
1597
1600
1603
1607
1608
1613
1614
1615
1616
1617
1620
1621
1623
1624
1629
1631
1632
1633
1636
1638
1640
1643
1644
1646
1647
1648
1651
1652
1653
1654
1658
1660
1662
1663
1665
1666
1671
1675
1676
1677
1678
1679
1685
1687
1690
1691
1693
1694
1695
1699
1700
1701
1705
1707
1710
1713
1716
1717
1721
1723
1724
1727
1728
1730
1732
1734
1735
1736
1737
1738
1740
1741
1742
1743
1747
1750
1751
1752
1755
1756
1758
1759
1761
1763
1764
1766
1767
1768
1770
1771
1772
1774
1775
1776
1778
1779
1780
1781
1784
1785
1786
1789
1790
1792
1793
1794
1796
1797
1798
1799
1800
1802
1804
1806
1807
1810
1814
1815
1817
1819
1821
1824
1825
1827
1828
1830
1834
1835
1836
1837
1838
1839
1841
1843
1844
1849
1851
1852
1853
1855
1856
1861
1864
1866
1867
1868
1869
1873
1875
1876
1877
1878
1880
1881
1887
1888
1889
1893
1895
1896
1898
1902
1903
1904
1905
1907
1910
1914
1919
1920
1922
1923
1925
1927
1929
1930
1932
1933
1935
1936
1937
1938
1939
1940
1941
1942
1944
1947
1948
1951
1953
1954
1962
1965
1966
1967
1970
1971
1979
1981
1984
1986
1987
1989
1992
1993
1996
1997
1999
2001
2002
2003
2004
2006
2008
2009
2010
2011
2013
2016
2017
2018
2019
2021
2023
2025
2027
2028
2029
2031
2032
2033
2034
2035
2037
2038
2040
2041
2043
2048
2049
2052
2053
2054
2055
2056
2059
2060
2061
2065
2066
2067
2068
2071
2072
2081
2082
2083
2086
2087
2094
2097
2098
2101
2105
2106
2109
2111
2112
2114
2116
2119
2121
2122
2123
2124
2126
2127
2128
2129
2133
2134
2136
2138
2139
2141
2142
2143
2146
2148
2149
2150
2151
2152
2154
2155
2159
2160
2161
2162
2164
2165
2166
2168
2170
2172
2174
2175
2178
2180
2181
2185
2187
2188
2190
2191
2193
2195
2196
2197
2199
2201
2202
2204
2205
2209
2211
2212
2213
2216
2219
2223
2225
2226
2227
2229
2231
2233
2235
2236
2237
2238
2241
2244
2245
2247
2248
2250
2251
2252
2253
2255
2261
2262
2263
2264
2266
2268
2270
2271
2273
2274
2276
2278
2280
2281
2282
2285
2286
2291
2292
2293
2294
2295
2297
2299
2300
2301
2303
2307
2309
2310
2311
2314
2315
2318
2319
2320
2322
2323
2324
2327
2328
2330
2332
2333
2336
2337
2341
2342
2344
2349
2359
2361
2363
2364
2366
2367
2372
2374
2375
2376
2378
2381
2382
2384
2385
2386
2387
2389
2390
2395
2397
2399
2403
2410
2414
2415
2416
2417
2418
2419
2420
2421
2422
2427
2430
2431
2432
2435
2438
2439
2441
2442
2447
2448
2450
2451
2453
2455
2459
2460
2462
2463
2465
2468
2469
2471
2472
2473
2474
2476
2478
2479
2480
2483
2484
2485
2487
2493
2494
2495
2500
2502
2503
2506
2507
2512
2513
2515
2518
2520
2521
2522
2524
2531
2532
2534
2535
2537
2538
2540
2541
2544
2548
2550
2554
2557
2563
2565
2569
2570
2574
2575
2577
2578
2581
2584
2590
2593
2594
2597
2599
2600
2602
2603
2604
2605
2611
2618
2619
2620
2624
2625
2626
2627
2631
2632
2633
2634
2643
2645
2646
2654
2656
2660
2662
2663
2665
2666
2667
2669
2672
2674
2676
2677
2678
2681
2682
2684
2685
2688
2689
2690
2691
2693
2695
2698
2701
2702
2705
2707
2712
2715
2718
2725
2728
2733
2736
2737
2739
2740
2741
2744
2746
2748
2749
2750
2753
2754
2756
2757
2758
2762
2764
2766
2767
2769
2773
2775
2776
2779
2783
2785
2786
2787
2789
2794
2796
2798
2800
2801
2804
2805
2806
2807
2809
2811
2814
2818
2819
2823
2824
2826
2827
2829
2830
2832
2833
2834
2836
2837
2839
2840
2841
2844
2845
2846
2848
2850
2853
2854
2857
2860
2863
2865
2868
2872
2873
2874
2876
2877
2878
2879
2884
2886
2887
2888
2894
2898
2899
2900
2902
2903
2905
2906
2908
2909
2911
2915
2916
2920
2921
2924
2927
2930
2934
2936
2937
2939
2942
2948
2949
2950
2951
2958
2960
2963
2966
2969
2970
2971
2973
2974
2975
2978
2981
2982
2984
