1
11
12
19
20
29
33
34
35
37
38
39
40
43
46
51
52
53
54
59
61
64
67
69
70
74
77
81
87
89
90
91
92
93
94
96
98
101
102
104
105
108
109
112
113
114
117
131
134
135
137
138
139
146
150
151
152
153
160
165
166
167
168
170
172
174
175
176
178
180
182
191
192
197
198
199
204
206
207
208
209
211
213
216
219
220
228
230
232
233
234
241
242
243
244
250
254
258
261
262
264
266
267
270
272
274
275
278
283
284
285
288
290
291
292
296
297
298
299
300
304
306
308
309
312
313
315
316
322
325
326
328
331
332
336
337
339
340
341
345
346
347
348
353
356
357
358
359
364
367
368
369
370
371
374
375
380
382
383
386
395
399
400
408
410
413
417
418
419
422
423
424
429
431
433
434
440
442
444
445
447
448
449
450
451
452
455
456
457
459
460
463
466
468
470
472
474
478
480
483
485
487
493
498
502
503
509
510
512
513
521
525
530
531
532
535
537
539
541
544
545
547
549
551
552
554
555
557
558
560
562
563
565
567
568
569
571
574
576
577
580
583
584
586
587
589
590
592
593
598
599
600
602
606
615
616
622
623
627
641
642
643
645
647
648
650
651
652
653
654
655
656
660
662
667
668
670
671
672
673
676
677
678
680
682
685
686
688
690
695
700
701
702
705
706
709
710
712
726
730
735
736
737
741
742
743
748
749
750
751
753
755
758
761
764
767
772
775
776
777
778
779
782
784
785
786
788
794
796
798
801
803
804
805
806
809
810
811
813
814
816
817
819
820
821
828
837
839
840
843
852
855
857
861
864
865
867
868
869
870
873
876
881
883
884
885
886
889
890
893
896
898
899
902
903
905
908
909
910
916
919
922
924
928
930
931
932
934
935
936
937
939
941
943
944
946
947
948
950
954
961
963
965
966
968
972
975
977
980
982
984
985
987
988
993
994
995
997
998
999
1001
1003
1004
1005
1009
1013
1016
1017
1018
1019
1021
1023
1024
1028
1029
1035
1037
1039
1041
1044
1045
1046
1047
1052
1059
1062
1067
1068
1073
1075
1076
1077
1079
1081
1083
1089
1092
1098
1100
1103
1105
1107
1111
1114
1116
1121
1122
1125
1128
1131
1133
1134
1136
1138
1139
1145
1146
1150
1152
1154
1158
1159
1160
1161
1162
1163
1166
1167
1169
1171
1172
1174
1178
1182
1185
1188
1190
1191
1192
1195
1199
1206
1207
1212
1213
1216
1218
1227
1228
1229
1231
1232
1234
1235
1237
1238
1240
1245
1246
1248
1250
1251
1256
1257
1258
1260
1261
1264
1265
1273
1275
1280
1281
1284
1288
1289
1290
1293
1296
1300
1303
1304
1306
1307
1308
1311
1313
1315
1316
1317
1318
1321
1328
1330
1331
1332
1336
1338
1340
1342
1344
1345
1348
1352
1356
1357
1362
1365
1369
1372
1377
1379
1389
1390
1392
1394
1395
1399
1402
1404
1406
1407
1408
1411
1417
1421
1423
1424
1427
1431
1433
1434
1436
1437
1438
1440
1441
1443
1446
1449
1451
1452
1453
1455
1458
1464
1467
1468
1469
1473
1474
1476
1477
1481
1482
1486
1488
1491
1492
1493
1494
1497
1499
1502
1507
1508
1514
1515
1525
1526
1527
1533
1536
1537
1539
1544
1545
1547
1551
1553
1555
1556
1558
1559
1560
1561
1564
1566
1567
1569
1576
1579
1587
1589
1590
1591
1593
1594
1596
1597
1599
1604
1606
1607
1610
1613
1615
1616
1625
1626
1628
1629
1630
1632
1633
1635
1641
1642
1646
1651
1652
1653
1657
1659
1666
1668
1669
1670
1673
1674
1678
1681
1683
1686
1687
1689
1690
1692
1697
1701
1705
1707
1709
1710
1712
1713
1715
1717
1718
1719
1722
1725
1727
1728
1731
1732
1734
1735
1736
1739
1740
1742
1743
1744
1745
1752
1753
1757
1761
1763
1765
1771
1775
1780
1781
1782
1783
1784
1786
1787
1788
1790
1793
1794
1795
1796
1800
1809
1812
1813
1820
1821
1822
1825
1828
1830
1833
1836
1839
1844
1845
1849
1850
1851
1855
1859
1863
1864
1865
1866
1868
1870
1873
1876
1877
1881
1882
1884
1886
1887
1888
1890
1891
1894
1901
1903
1909
1911
1915
1916
1917
1921
1924
1926
1929
1931
1938
1939
1943
1944
1945
1946
1948
1949
1950
1952
1957
1963
1964
1967
1969
1970
1973
1974
1975
1976
1977
1978
1980
1982
1985
1986
1987
1988
1990
1991
1994
1995
1996
1998
2001
2002
2004
2008
2010
2011
2018
2021
2022
2024
2027
2028
2030
2032
2034
2036
2038
2040
2046
2049
2050
2051
2052
2053
2057
2058
2068
2070
2072
2073
2074
2076
2078
2089
2090
2091
2093
2094
2098
2100
2102
2103
2105
2108
2110
2111
2112
2114
2116
2119
2121
2125
2129
2131
2132
2133
2134
2135
2138
2139
2140
2143
2146
2152
2157
2158
2159
2160
2162
2163
2164
2168
2170
2171
2172
2173
2175
2177
2183
2184
2188
2189
2193
2196
2199
2200
2201
2202
2204
2206
2208
2209
2210
2211
2212
2213
2214
2215
2216
2217
2219
2220
2222
2223
2224
2225
2226
2227
2229
2230
2231
2233
2235
2236
2238
2241
2243
2244
2245
2247
2250
2252
2254
2256
2257
2260
2261
2267
2268
2271
2272
2273
2274
2275
2276
2278
2279
2280
2281
2282
2287
2288
2289
2292
2293
2294
2297
2299
2300
2301
2303
2304
2306
2308
2312
2314
2315
2316
2321
2323
2324
2325
2326
2327
2328
2330
2334
2343
2344
2345
2346
2348
2353
2354
2356
2357
2358
2361
2363
2364
2365
2366
2368
2369
2370
2372
2373
2375
2376
2378
2379
2380
2381
2382
2383
2385
2387
2388
2391
2393
2396
2399
2401
2403
2405
2406
2409
2410
2411
2413
2416
2417
2419
2420
2421
2424
2425
2427
2430
2432
2433
2434
2436
2437
2438
2439
2440
2441
2443
2446
2447
2448
2450
2451
2453
2455
2456
2459
2460
2462
2466
2468
2469
2470
2471
2475
2478
2479
2480
2481
2482
2484
2485
2486
2487
2489
2490
2492
2493
2495
2496
2500
2501
2502
2504
2506
2507
2508
2509
2514
2515
2516
2519
2520
2523
2525
2528
2529
2531
2532
2533
2535
2536
2537
2538
2539
2540
2545
2546
2548
2550
2553
2555
2556
2557
2558
2569
2571
2572
2573
2574
2576
2577
2581
2582
2583
2585
2587
2588
2589
2590
2592
2595
2598
2599
2600
2602
2603
2604
2605
2606
2607
2611
2617
2618
2619
2621
2622
2623
2624
2625
2626
2627
2628
2629
2630
2631
2632
2633
2635
2636
2639
2640
2643
2644
2645
2646
2648
2649
2650
2655
2656
2657
2660
2661
2664
2666
2668
2669
2671
2676
2678
2679
2680
2681
2682
2684
2686
2687
2688
2689
2690
2692
2695
2696
2697
2699
2700
2701
2702
2703
2705
2706
2710
2713
2715
2716
2717
2718
2719
2721
2722
2723
2726
2727
2733
2734
2736
2737
2738
2739
2740
2741
2743
2744
2745
2747
2748
2750
2753
2754
2756
2757
2758
2762
2763
2764
2765
2766
2767
2768
2770
2771
2773
2777
2782
2785
2786
2788
2789
2791
2795
2797
2801
2807
2810
2813
2814
2816
2818
2820
2821
2822
2823
2825
2826
2827
2829
2830
2833
2834
2839
2840
2841
2842
2845
2846
2847
2848
2849
2850
2851
2852
2853
2855
2856
2861
2862
2865
2867
2868
2869
2872
2873
2875
2876
2877
2878
2884
2886
2887
2892
2893
2894
2895
2896
2897
2900
2902
2908
2909
2911
2913
2917
2920
2922
2925
2926
2927
2931
2932
2933
2935
2936
2940
2943
2944
2945
2946
2948
2949
2951
2952
2953
2954
2960
2961
2962
2966
2967
2968
2971
2973
2974
2976
2979
2980
2981
2982
2983
