2
3
4
5
6
7
8
9
10
13
14
15
16
17
18
21
22
23
25
26
27
28
30
32
36
41
43
45
48
49
56
57
60
65
66
72
73
75
78
79
82
85
97
99
100
107
109
110
111
115
120
121
122
123
124
130
133
134
140
141
142
143
147
148
149
155
156
157
161
162
163
164
165
169
176
177
179
181
183
184
185
186
187
188
189
190
193
195
196
200
201
202
203
205
212
214
217
218
221
225
226
230
231
235
236
238
240
243
245
246
247
248
252
255
257
259
265
268
269
271
273
277
279
280
282
287
289
294
295
296
297
298
301
302
303
305
307
310
311
314
318
319
320
323
327
328
330
333
334
335
338
343
349
350
351
352
354
355
360
364
365
366
369
372
373
376
377
378
381
385
387
388
389
390
391
392
400
402
403
404
405
407
409
411
414
415
420
423
427
428
432
435
438
439
441
442
446
452
453
458
461
462
464
465
467
469
471
475
476
479
482
489
490
491
492
494
495
496
497
501
504
506
507
508
514
515
516
517
518
520
524
526
527
528
529
533
534
536
538
539
540
545
546
556
563
566
573
575
578
595
601
603
604
605
608
609
610
611
613
614
619
626
628
629
631
632
634
636
637
638
639
640
642
646
648
649
659
663
664
669
674
675
679
681
682
683
685
687
689
696
697
698
699
703
711
714
715
716
717
719
720
721
722
723
724
727
729
733
740
743
744
745
746
752
754
756
757
759
760
763
765
766
768
769
770
771
774
781
783
785
789
790
793
795
797
798
799
800
803
807
808
812
813
815
816
820
822
823
824
826
827
829
830
831
833
836
838
841
842
846
848
849
850
851
853
856
859
860
863
866
872
873
874
875
877
880
887
888
891
892
893
894
895
897
900
902
906
907
911
914
915
916
917
918
921
923
925
926
927
929
938
940
941
942
945
947
949
951
953
955
956
957
959
960
962
964
965
966
968
970
971
974
976
978
979
982
984
986
987
989
992
1002
1003
1006
1007
1010
1012
1014
1015
1020
1023
1024
1025
1026
1030
1032
1033
1036
1040
1043
1045
1049
1050
1053
1054
1055
1056
1058
1064
1065
1066
1067
1069
1071
1074
1082
1084
1087
1090
1091
1092
1093
1094
1095
1096
1098
1101
1102
1106
1110
1111
1112
1114
1117
1118
1119
1124
1126
1135
1137
1140
1141
1143
1147
1148
1149
1153
1154
1157
1159
1162
1165
1168
1173
1175
1180
1181
1183
1184
1189
1193
1194
1196
1197
1198
1201
1202
1203
1208
1209
1210
1212
1213
1214
1215
1217
1218
1219
1220
1221
1222
1223
1224
1230
1233
1237
1239
1241
1247
1254
1255
1257
1259
1261
1262
1263
1266
1267
1268
1269
1271
1274
1276
1277
1278
1279
1287
1292
1296
1298
1299
1301
1302
1305
1310
1312
1314
1319
1322
1323
1324
1329
1334
1335
1336
1337
1338
1341
1343
1344
1346
1347
1349
1350
1354
1355
1357
1358
1359
1361
1363
1364
1367
1371
1373
1374
1375
1377
1380
1381
1383
1384
1388
1393
1394
1396
1398
1400
1401
1405
1409
1410
1416
1418
1419
1420
1425
1429
1435
1438
1439
1442
1444
1445
1447
1448
1450
1452
1457
1460
1461
1463
1464
1465
1466
1471
1472
1475
1476
1479
1480
1483
1484
1485
1489
1490
1495
1497
1498
1501
1504
1506
1509
1510
1516
1517
1518
1519
1522
1524
1528
1529
1530
1531
1534
1535
1538
1539
1540
1541
1542
1543
1548
1551
1552
1556
1557
1562
1565
1566
1567
1570
1572
1573
1575
1577
1578
1581
1583
1584
1585
1586
1588
1595
1598
1600
1602
1603
1605
1607
1609
1612
1614
1617
1619
1620
1621
1622
1623
1634
1636
1637
1638
1639
1643
1645
1648
1650
1654
1655
1656
1661
1662
1663
1665
1667
1672
1675
1676
1677
1678
1679
1684
1685
1691
1693
1694
1695
1696
1698
1699
1702
1703
1704
1706
1707
1708
1711
1713
1716
1717
1718
1720
1723
1724
1727
1729
1730
1736
1737
1741
1745
1746
1747
1749
1751
1755
1756
1758
1759
1762
1764
1766
1767
1768
1770
1772
1776
1778
1779
1785
1791
1792
1793
1797
1798
1799
1801
1804
1806
1808
1811
1814
1815
1816
1818
1821
1823
1824
1826
1827
1829
1830
1831
1836
1837
1838
1840
1841
1842
1843
1844
1846
1847
1848
1852
1853
1855
1856
1857
1858
1861
1863
1866
1867
1868
1869
1874
1878
1879
1880
1885
1888
1892
1893
1895
1897
1899
1900
1901
1902
1903
1904
1905
1907
1908
1910
1912
1913
1914
1916
1918
1919
1922
1925
1930
1932
1933
1934
1936
1937
1939
1940
1942
1947
1951
1954
1958
1960
1961
1962
1965
1966
1970
1971
1972
1981
1983
1984
1989
1992
1997
2000
2001
2003
2006
2007
2009
2014
2018
2019
2025
2026
2027
2029
2032
2035
2037
2039
2041
2042
2043
2044
2047
2048
2055
2059
2060
2061
2062
2065
2066
2067
2071
2075
2080
2084
2085
2086
2087
2088
2094
2095
2096
2097
2098
2099
2101
2103
2105
2107
2111
2112
2115
2117
2118
2123
2124
2126
2127
2130
2133
2134
2136
2137
2139
2146
2147
2148
2149
2150
2151
2154
2155
2156
2160
2161
2162
2165
2167
2169
2170
2179
2180
2181
2185
2187
2190
2191
2192
2194
2195
2198
2209
2213
2216
2221
2223
2226
2229
2231
2235
2236
2237
2239
2241
2243
2244
2246
2247
2248
2251
2252
2253
2255
2259
2262
2265
2269
2270
2271
2274
2276
2277
2280
2281
2282
2284
2285
2286
2287
2291
2293
2296
2297
2301
2307
2308
2309
2311
2312
2313
2314
2315
2317
2318
2319
2322
2323
2324
2327
2330
2336
2337
2340
2341
2342
2344
2349
2351
2352
2355
2363
2364
2366
2367
2371
2374
2378
2380
2381
2382
2389
2392
2393
2398
2403
2410
2412
2414
2415
2419
2420
2421
2423
2426
2428
2431
2435
2439
2440
2442
2444
2445
2452
2453
2454
2457
2458
2460
2462
2463
2465
2469
2471
2472
2473
2476
2477
2480
2485
2487
2488
2492
2497
2498
2500
2502
2503
2511
2512
2513
2514
2517
2521
2524
2530
2531
2534
2535
2537
2541
2542
2543
2547
2548
2549
2550
2551
2552
2554
2560
2562
2563
2564
2566
2567
2569
2570
2574
2575
2578
2580
2581
2582
2584
2587
2590
2591
2594
2597
2600
2601
2602
2603
2604
2608
2611
2612
2616
2621
2622
2630
2633
2634
2641
2642
2643
2652
2654
2658
2659
2660
2662
2665
2670
2673
2674
2675
2676
2678
2681
2683
2684
2685
2687
2688
2690
2691
2694
2695
2698
2702
2703
2705
2707
2708
2709
2710
2712
2714
2715
2720
2721
2725
2726
2727
2728
2729
2730
2731
2732
2733
2734
2736
2737
2739
2740
2741
2745
2746
2749
2751
2754
2757
2758
2760
2761
2762
2764
2767
2771
2774
2776
2778
2779
2781
2784
2785
2787
2793
2794
2796
2798
2799
2800
2802
2804
2805
2806
2807
2808
2809
2811
2815
2816
2824
2828
2830
2832
2834
2835
2836
2837
2839
2841
2842
2844
2846
2858
2859
2860
2865
2866
2869
2872
2873
2878
2880
2882
2883
2885
2886
2887
2888
2889
2890
2894
2895
2898
2899
2900
2901
2903
2904
2906
2910
2911
2914
2915
2916
2918
2919
2920
2921
2926
2928
2930
2937
2941
2942
2947
2948
2949
2951
2955
2959
2963
2964
2966
2969
2971
2972
2973
2974
2978
2984
2985
